0,491
0,490
9,325
9,324
0,489
9,323
9,322
9,321
9,320
9,35
9,34
9,33
9,32
9,31
9,30
9,29
9,28
9,27
9,26
9,25
9,24
9,23
9,22
9,21
9,20
9,19
9,18
9,17
9,16
9,15
9,14
9,13
9,12
9,11
9,10
9,9
9,8
9,7
9,6
9,5
9,4
9,3
9,2
9,1
9,0
8,2
8,1
8,0
7,2
7,1
7,0
6,3
6,2
6,1
6,0
5,2
5,1
5,0
7,4
4,3
7,3
2,3
8,3
1,3
5,3
0,410
0,324
0,243
0,9
0,0
0,1
0,453
0,300
0,482
0,299
0,452
0,298
0,481
0,297
0,411
0,296
0,295
0,450
0,294
0,460
0,293
0,431
0,292
0,433
0,291
0,474
0,290
0,459
0,289
0,408
0,288
0,488
0,287
0,286
0,417
0,285
0,363
0,284
0,466
0,283
0,381
0,282
0,422
0,281
0,428
0,280
0,440
0,279
0,370
0,278
0,473
0,277
0,421
0,276
0,407
0,275
0,373
0,274
0,480
0,273
0,448
0,272
0,479
0,271
0,369
0,270
0,413
0,269
0,362
0,268
0,439
0,267
0,342
0,266
0,443
0,265
0,478
0,264
0,391
0,263
0,464
0,262
0,469
0,261
0,260
0,485
0,259
0,447
0,258
0,394
0,257
0,472
0,256
0,438
0,255
0,384
0,254
0,386
0,253
0,471
0,252
0,251
0,465
0,250
0,414
0,249
0,426
0,248
0,385
0,247
0,404
0,246
0,458
0,245
0,368
0,244
0,442
0,242
0,389
0,241
0,484
0,240
0,425
0,239
0,427
0,238
0,237
0,424
0,236
0,446
0,235
0,441
0,234
0,477
0,233
0,445
0,232
0,486
0,231
0,419
0,230
0,393
0,229
0,449
0,228
0,376
0,227
0,374
0,226
0,225
0,390
0,224
0,420
0,223
0,367
0,222
0,444
0,221
0,416
0,220
0,380
0,219
0,463
0,218
0,437
0,217
0,436
0,216
0,415
0,215
0,456
0,214
0,353
0,213
0,375
0,212
0,476
0,211
0,398
0,210
0,366
0,209
0,475
0,208
0,379
0,207
0,468
0,206
0,470
0,205
0,371
0,204
0,395
0,203
0,455
0,202
0,487
0,201
0,435
0,200
0,462
0,199
0,392
0,198
0,350
0,197
0,451
0,196
0,400
0,195
0,365
0,194
0,354
0,193
0,457
0,192
0,372
0,63
0,430
0,62
0,359
0,61
0,399
0,60
0,429
0,59
0,434
0,58
0,483
0,57
0,467
0,56
0,403
0,55
0,432
0,54
0,329
0,53
0,418
0,52
0,454
0,51
0,409
0,50
0,396
0,49
0,423
0,48
0,406
0,47
0,378
0,46
0,377
0,45
0,461
0,6
0,5
0,304
0,303
0,306
0,305
0,302
0,12
0,10
0,8
0,11
0,4
0,2
0,3
0,7
